# Kurucz ODFNEW /NOVER models
# teff = 3750 K (value for the effective temperature for the model. Temperatures are given in K)
# logg = 4 log(cm/s2) (value for Log(G) for the model.)
# meta = 0  (value for the Metallicity for the model.)
# lh = 1.25  (l/Hp where l is the  mixing length of the convective element and Hp is the pressure scale height)
# vtur = 2.0 km/s (Microturbulence velocity)
#
# column 1: WAVELENGTH (ANGSTROM), Wavelength in Angstrom
# column 2: FLUX (ERG/CM2/S/A), Flux in erg/cm2/s/A
              0               0 
           90.9               0 
           93.5               0 
           96.1               0 
           97.7               0 
           99.6               0 
            102               0 
          103.8               0 
          105.6               0 
          107.7               0 
          110.4               0 
            114               0 
          117.8               0 
          121.3               0 
          124.8               0 
          127.1               0 
          128.4               0 
          130.5               0 
          132.4               0 
          133.9               0 
          136.6               0 
          139.8               0 
          143.3               0 
          147.2               0 
            151               0 
          155.2               0 
          158.8               0 
            162               0 
            166               0 
          170.3               0 
          173.4               0 
          176.8               0 
          180.2               0 
          181.7               0 
          186.1               0 
            191               0 
          193.9               0 
          198.4               0 
          201.8               0 
            205               0 
          210.5               0 
          216.2               0 
          219.8               0 
            223               0 
          226.8               0 
            230               0 
            234               0 
            240               0 
          246.5               0 
          252.4               0 
          256.8               0 
            260               0 
            264               0 
          268.5               0 
          273.5               0 
          278.5               0 
            284               0 
            290               0 
            296               0 
            301               0 
            308               0 
            318               0 
            328               0 
            338               0 
            348               0 
            357               0 
            366               0 
            375               0 
            385               0 
            395               0 
            405               0 
            414               0 
            422               0 
            430               0 
            441               0 
            451               0 
            460               0 
            470               0 
            480               0 
            490               0 
            500               0 
            506               0 
            512               0 
            520               0 
            530               0 
            540               0 
            550               0 
            560               0 
            570               0 
            580               0 
            590               0 
            600               0 
            610               0 
            620               0 
            630               0 
            640               0 
            650               0 
            658               0 
            665               0 
            675               0 
            685               0 
            695               0 
            705               0 
            716       3.072e-25 
            726     8.36763e-25 
            735     2.01195e-24 
            745     5.19417e-24 
            755     1.30594e-23 
            765     3.20136e-23 
            775     7.65283e-23 
            785     1.78784e-22 
            795     4.06132e-22 
            805     9.09873e-22 
            815      1.9931e-21 
            825     4.27273e-21 
            835     8.98295e-21 
            845     1.85246e-20 
            855     3.74621e-20 
            865     7.44172e-20 
            875     1.45166e-19 
            885     2.79128e-19 
            895     5.28489e-19 
            905     9.81907e-19 
            915     8.20619e-14 
            925     4.19578e-13 
            935     6.41094e-13 
            945      9.6243e-13 
            955     1.11442e-12 
            965     2.35883e-12 
            975     1.89969e-12 
            985     4.33296e-12 
            995     6.74026e-12 
           1005     7.75038e-12 
           1015     1.03915e-11 
           1025     1.38396e-11 
           1035     3.29664e-11 
           1045     4.75837e-11 
           1055     5.72394e-11 
           1065     1.45082e-10 
           1075     1.93949e-10 
           1085     3.82931e-10 
           1095     5.27191e-10 
           1105     7.46687e-10 
           1115       9.932e-10 
           1125       2.4203e-9 
           1135      4.17488e-9 
           1145      6.97671e-9 
           1155       1.0215e-8 
           1165      1.28284e-8 
           1175      2.03405e-8 
           1185        2.526e-8 
           1195      2.37075e-8 
           1205      1.45249e-8 
           1215      1.89592e-9 
           1225      2.21408e-8 
           1235      9.09675e-8 
           1245      1.68833e-7 
           1255       2.5347e-7 
           1265      3.21446e-7 
           1275      4.58323e-7 
           1285       4.6657e-7 
           1295      6.18574e-7 
           1305      7.78291e-7 
           1315      9.99196e-7 
           1325       1.1435e-6 
           1335      1.29674e-6 
           1345      1.76334e-6 
           1355      2.33525e-6 
           1365      2.59312e-6 
           1375      2.81498e-6 
           1385      3.43082e-6 
           1395      3.97846e-6 
           1405      5.63142e-6 
           1415      7.21597e-6 
           1425      7.98812e-6 
           1435      1.14818e-5 
           1442      1.68609e-5 
           1447      1.40475e-5 
           1455      1.65049e-5 
           1465      2.48605e-5 
           1475      2.34389e-5 
           1485      3.01423e-5 
           1495      4.74002e-5 
           1505      7.02507e-5 
           1512      3.87716e-5 
           1517      6.52933e-5 
           1525      9.53235e-5 
           1535     0.000154269 
           1545     0.000110071 
           1555     0.000174185 
           1565     0.000159077 
           1575     0.000294079 
           1585     0.000310579 
           1595     0.000300464 
           1605     0.000318901 
           1615      0.00033536 
           1625     0.000333912 
           1635     0.000445923 
           1645     0.000603836 
           1655     0.000510801 
           1665     0.000814524 
           1672     0.000691771 
           1677      0.00107775 
           1685      0.00139521 
           1695      0.00198054 
           1705      0.00208204 
           1715      0.00233284 
           1725      0.00319351 
           1735      0.00364539 
           1745      0.00509329 
           1755      0.00515724 
           1765      0.00633599 
           1775      0.00616328 
           1785       0.0110262 
           1795      0.00936474 
           1805       0.0156588 
           1815       0.0118935 
           1825       0.0187052 
           1835       0.0169803 
           1845       0.0252432 
           1855       0.0207523 
           1865       0.0330716 
           1875       0.0320457 
           1885       0.0402004 
           1895       0.0500878 
           1905       0.0535993 
           1915       0.0739258 
           1925       0.0664682 
           1935        0.049621 
           1945       0.0924233 
           1955        0.125438 
           1967        0.139131 
           1976         0.15862 
           1984        0.198756 
           1995        0.185505 
           2005        0.221585 
           2015         0.25285 
           2025        0.246013 
           2035        0.306244 
           2045        0.325695 
           2055         0.38076 
           2065         0.37793 
           2074        0.352499 
           2078        0.465572 
           2085        0.560933 
           2095        0.745971 
           2105        0.814587 
           2115        0.858024 
           2125        0.991794 
           2135         1.21799 
           2145        0.985094 
           2155         1.21552 
           2165          1.2048 
           2175         1.31655 
           2185         1.26342 
           2195         1.95261 
           2205         1.72612 
           2215         2.01287 
           2225         1.80922 
           2235         2.78564 
           2245         3.20235 
           2255         3.75937 
           2265         2.41178 
           2275           4.268 
           2285         4.22093 
           2295         6.40474 
           2305         2.93399 
           2315         8.04112 
           2325         6.90065 
           2335         9.95614 
           2345         6.58341 
           2355         6.27418 
           2365         7.96201 
           2375         8.02934 
           2385         12.4095 
           2395         12.1485 
           2405           19.99 
           2415         13.2212 
           2425         16.2444 
           2435         23.3317 
           2445         30.2386 
           2455         34.8383 
           2465          24.946 
           2475         40.7406 
           2485         20.4007 
           2495         22.0409 
           2505         37.9948 
           2513          29.303 
           2518         34.1311 
           2525         40.5601 
           2535         72.5003 
           2545         88.6885 
           2555         93.0397 
           2565         58.1022 
           2575         84.4069 
           2585         68.2286 
           2595         79.3065 
           2605         104.047 
           2615         98.4986 
           2625         141.832 
           2635         202.857 
           2645         167.363 
           2655         223.012 
           2665         199.355 
           2675         185.601 
           2685         236.561 
           2695         182.649 
           2705         286.663 
           2715         280.835 
           2725         255.566 
           2735         262.822 
           2745         361.918 
           2755          347.22 
           2765         468.222 
           2775         593.964 
           2785         417.233 
           2795         578.501 
           2805         570.841 
           2815         586.997 
           2825         607.017 
           2835         538.151 
           2845         450.123 
           2855         272.002 
           2865         656.872 
           2875         698.939 
           2885         1063.17 
           2895         1197.16 
           2910         1434.17 
           2930         1588.08 
           2950         1595.62 
           2970         1574.42 
           2990         1908.36 
           3010         2095.82 
           3030         2581.42 
           3050         3076.95 
           3070         3263.42 
           3090         3223.64 
           3110         4782.32 
           3130         4794.46 
           3150         7293.89 
           3170         11272.8 
           3190         8782.87 
           3210           11470 
           3230         12010.5 
           3250         18406.2 
           3270         25821.8 
           3290         34825.7 
           3310         27989.1 
           3330         31858.3 
           3350           29076 
           3370         19157.8 
           3390         25984.4 
           3410         31047.4 
           3430         33875.6 
           3450         29375.9 
           3470         29530.8 
           3490         40867.7 
           3510         57796.4 
           3530         55828.3 
           3550           84888 
           3570         36727.6 
           3590         31285.7 
           3610         50331.6 
           3630         71049.6 
           3640           77222 
           3650         89295.6 
           3670          122541 
           3690         94571.9 
           3710         71423.5 
           3730         31155.6 
           3750         40974.7 
           3770          102006 
           3790          116006 
           3810          103325 
           3830         43634.2 
           3850           75280 
           3870           70263 
           3890         75477.5 
           3910          107186 
           3930         39873.3 
           3950         72516.2 
           3970         54720.8 
           3990          172488 
           4010          244358 
           4030          181614 
           4050          210588 
           4070          197709 
           4090          270880 
           4110          178705 
           4130          206603 
           4150          200868 
           4170          197212 
           4190          208188 
           4210          158369 
           4230         73935.7 
           4250          171885 
           4270          182099 
           4290          180317 
           4310          210084 
           4330          298368 
           4350          308453 
           4370          329130 
           4390          280807 
           4410          292580 
           4430          285107 
           4450          303135 
           4470          332179 
           4490          352715 
           4510          398361 
           4530          323236 
           4550          362854 
           4570          410914 
           4590          352910 
           4610          378518 
           4630          353114 
           4650          338861 
           4670          370600 
           4690          356519 
           4710          354397 
           4730          339941 
           4750          355167 
           4770          225082 
           4790          269296 
           4810          285608 
           4830          313478 
           4850          346083 
           4870          365534 
           4890          404852 
           4910          423844 
           4930          425076 
           4950          395525 
           4970          250768 
           4990          275602 
           5010          211809 
           5030          259488 
           5050          257215 
           5070          268102 
           5090          268442 
           5110          291261 
           5130          284943 
           5150          270590 
           5170          236576 
           5190          221288 
           5210          282616 
           5230          453724 
           5250          445189 
           5270          415689 
           5290          518986 
           5310          579364 
           5330          508985 
           5350          559149 
           5370          535513 
           5390          545694 
           5410          548875 
           5430          547703 
           5450          469136 
           5470          429021 
           5490          477186 
           5510          430421 
           5530          510825 
           5550          547853 
           5570          550908 
           5590          506946 
           5610          406689 
           5630          433437 
           5650          478996 
           5670          467209 
           5690          530792 
           5710          520170 
           5730          597642 
           5750          631792 
           5770          580935 
           5790          604166 
           5810          621889 
           5830          639409 
           5850          586070 
           5870          504323 
           5890          280788 
           5910          403035 
           5930          452174 
           5950          468252 
           5970          486269 
           5990          524850 
           6010          538175 
           6030          596122 
           6050          629786 
           6070          658434 
           6090          678769 
           6110          677957 
           6130          653697 
           6150          689673 
           6170          448349 
           6190          473921 
           6210          460712 
           6230          390564 
           6250          422806 
           6270          485757 
           6290          524379 
           6310          565879 
           6330          596899 
           6350          625847 
           6370          617761 
           6390          642530 
           6410          651878 
           6430          611553 
           6450          617629 
           6470          652918 
           6490          613777 
           6510          663126 
           6530          709156 
           6550          682010 
           6570          682157 
           6590          690062 
           6610          687214 
           6630          665186 
           6650          615360 
           6670          579964 
           6690          500450 
           6710          510574 
           6730          439289 
           6750          455424 
           6770          511140 
           6790          462856 
           6810          501952 
           6830          539524 
           6850          563820 
           6870          571743 
           6890          625367 
           6910          682939 
           6930          672899 
           6950          724104 
           6970          780045 
           6990          790238 
           7010          815711 
           7030          845304 
           7050          793368 
           7070          584032 
           7090          533289 
           7110          518248 
           7130          435008 
           7150          430463 
           7170          471702 
           7190          539881 
           7210          515475 
           7230          599225 
           7250          653640 
           7270          714217 
           7290          754680 
           7310          796944 
           7330          824645 
           7350          850220 
           7370          894716 
           7390          913333 
           7410          920555 
           7430          938671 
           7450          941513 
           7470          953559 
           7490          956599 
           7510          968141 
           7530          976094 
           7550          977539 
           7570          975735 
           7590          918216 
           7610          888936 
           7630          859499 
           7650          845418 
           7670          747967 
           7690          759242 
           7710          732495 
           7730          778264 
           7750          753052 
           7770          758667 
           7790          765328 
           7810          804091 
           7830          786287 
           7850          797265 
           7870          823629 
           7890          852319 
           7910          840909 
           7930          853149 
           7950          854642 
           7970          898814 
           7990          891430 
           8010          903188 
           8030          913827 
           8050          923361 
           8070          919368 
           8090          931002 
           8110          940563 
           8130          954410 
           8150          958182 
           8170          958125 
           8190          882853 
           8210          888504 
           8230          912781 
           8250          914004 
           8270          914712 
           8290          889418 
           8310          877831 
           8330          878074 
           8350          872252 
           8370          872228 
           8390          828632 
           8410          880517 
           8430          830116 
           8450          837590 
           8470          824342 
           8490          836406 
           8510          803762 
           8530          834223 
           8550          762093 
           8570          870106 
           8590          872339 
           8610          878605 
           8630          893660 
           8650          896631 
           8670          799028 
           8690          864500 
           8710          915107 
           8730          912601 
           8750          916259 
           8770          911789 
           8790          924857 
           8810          902654 
           8830          906446 
           8850          917023 
           8870          786913 
           8890          802158 
           8910          825230 
           8930          826357 
           8950          807146 
           8970          819893 
           8990          843145 
           9010          825251 
           9030          846503 
           9050          867833 
           9070          879672 
           9090          862629 
           9110          871509 
           9130          888078 
           9150          889736 
           9170          891505 
           9190          898379 
           9210          886975 
           9230          885965 
           9250          876503 
           9270          880047 
           9290          869539 
           9310          878584 
           9330          879105 
           9350          878797 
           9370          864664 
           9390          874956 
           9410          868094 
           9430          876278 
           9450          860212 
           9470          875361 
           9490          878994 
           9510          876425 
           9530          872462 
           9550          857203 
           9570          866418 
           9590          877963 
           9610          861382 
           9630          872555 
           9650          832206 
           9670          836664 
           9690          859334 
           9710          850682 
           9730          830356 
           9750          827985 
           9770          837542 
           9790          817105 
           9810          844467 
           9830          825673 
           9850          839836 
           9870          841463 
           9890          841991 
           9910          833111 
           9930          832548 
           9950          835408 
           9970          839071 
           9990          838169 
          10025          828315 
          10075          826942 
          10125          830554 
          10175          825104 
          10225          825775 
          10275          826465 
          10325          814875 
          10375          814353 
          10425          818556 
          10475          809799 
          10525          813004 
          10575          803651 
          10625          804514 
          10675          793128 
          10725          790697 
          10775          789767 
          10825          775512 
          10875          780405 
          10925          777665 
          10975          766000 
          11025          760615 
          11075          757051 
          11125          753184 
          11175          748267 
          11225          750228 
          11275          737307 
          11325          738683 
          11375          727225 
          11425          720815 
          11475          733658 
          11525          733490 
          11575          726322 
          11625          713983 
          11675          715398 
          11725          722218 
          11775          705175 
          11825          704314 
          11875          696340 
          11925          708580 
          11975          684075 
          12025          699398 
          12075          692919 
          12125          696646 
          12175          695560 
          12225          692479 
          12275          688252 
          12325          684834 
          12375          683323 
          12425          676931 
          12475          677228 
          12525          671112 
          12575          671121 
          12625          667659 
          12675          662191 
          12725          663258 
          12775          662808 
          12825          644617 
          12875          652939 
          12925          644557 
          12975          652154 
          13025          647444 
          13075          646667 
          13125          628935 
          13175          632244 
          13225          638069 
          13275          627415 
          13325          611238 
          13375          594294 
          13425          587302 
          13475          596128 
          13525          585857 
          13575          585270 
          13625          577736 
          13675          587803 
          13725          589068 
          13775          587917 
          13825          586688 
          13875          573896 
          13925          537606 
          13975          548524 
          14025          553105 
          14075          554754 
          14125          541542 
          14175          543467 
          14225          542780 
          14275          527596 
          14325          541194 
          14375          537894 
          14425          537084 
          14475          539944 
          14525          533661 
          14570          533121 
          14620          511803 
          14675          513676 
          14725          520689 
          14775          516929 
          14825          520784 
          14875          511824 
          14925          529101 
          14975          533133 
          15025          499835 
          15075          516884 
          15125          526283 
          15175          527893 
          15225          535222 
          15275          526007 
          15325          534404 
          15375          524367 
          15425          516114 
          15475          539510 
          15525          525443 
          15575          526424 
          15625          539587 
          15675          533283 
          15725          529607 
          15775          511980 
          15825          536008 
          15875          524640 
          15925          536428 
          15975          542420 
          16050          537978 
          16150          537516 
          16250          531091 
          16350          537765 
          16450          532554 
          16550          536455 
          16650          524364 
          16750          509338 
          16850          507636 
          16950          501928 
          17050          485016 
          17150          461686 
          17250          455867 
          17350          440728 
          17450          431623 
          17550          412125 
          17650          401626 
          17750          385062 
          17850          372600 
          17950          365714 
          18050          348779 
          18150          343997 
          18250          335681 
          18350          331157 
          18450          312639 
          18550          303189 
          18650          300716 
          18750          293883 
          18850          300188 
          18950          289685 
          19050          293192 
          19150          288915 
          19250          285931 
          19350          275135 
          19450          271378 
          19550          272423 
          19650          268438 
          19750          255266 
          19850          250349 
          19950          245668 
          20050          246841 
          20150          240473 
          20250          235145 
          20350          233904 
          20450          230613 
          20550          228472 
          20650          221989 
          20750          222374 
          20850          216797 
          20950          215625 
          21050          214670 
          21150          212644 
          21250          210698 
          21350          210489 
          21450          208891 
          21550          207460 
          21650          207429 
          21750          202953 
          21850          202876 
          21950          201602 
          22050          194757 
          22150          199936 
          22250          193965 
          22350          194081 
          22450          192744 
          22550          191202 
          22650          185985 
          22750          186850 
          22850          182859 
          22950          162786 
          23050          169375 
          23150          167458 
          23250          149810 
          23350          154016 
          23450          155350 
          23550          138525 
          23650          146187 
          23750          145586 
          23850          129771 
          23950          134456 
          24050          129979 
          24150          120773 
          24250          121252 
          24350          118593 
          24450          111519 
          24550          108224 
          24650          107088 
          24750          102872 
          24850         98629.6 
          24950         98772.6 
          25050         96124.3 
          25150         91716.4 
          25250         88574.6 
          25350         89026.4 
          25450         88101.2 
          25550         88099.7 
          25650         84213.2 
          25750         85992.2 
          25850         85187.2 
          25950         84733.3 
          26050         84583.4 
          26150         86587.9 
          26250         85191.4 
          26350         85126.4 
          26450         83132.4 
          26550         83757.8 
          26650         82801.8 
          26750         81151.7 
          26850         80903.8 
          26950         77026.3 
          27050         77647.1 
          27150         74750.9 
          27250         72341.4 
          27350         71632.1 
          27450         71585.9 
          27550         69012.5 
          27650         67991.7 
          27750         67859.8 
          27850         65372.1 
          27950         66110.8 
          28050         61264.1 
          28150         62512.4 
          28250         61518.3 
          28350         60944.5 
          28450         61242.8 
          28550         59076.8 
          28650         59711.5 
          28750         59009.6 
          28850         57705.3 
          28950         58390.6 
          29050         55297.3 
          29150         57463.6 
          29250         52227.7 
          29350         56223.7 
          29450         50812.7 
          29550         53614.6 
          29650         50947.9 
          29750         52423.5 
          29850           49553 
          29950         51608.1 
          30050         48048.6 
          30150         51145.5 
          30250           47333 
          30350         49217.8 
          30450         46818.9 
          30550         47994.4 
          30650         47413.1 
          30750         46499.6 
          30850         45608.6 
          30950         44693.1 
          31050         45769.3 
          31150         44167.5 
          31250         45089.1 
          31350         43322.1 
          31450         43858.4 
          31550         42994.1 
          31650         43663.3 
          31750         42338.5 
          31850         42823.3 
          31950         41784.2 
          32100         42268.3 
          32300         41277.2 
          32500         41077.6 
          32700         40435.7 
          32900         39935.1 
          33100         39780.7 
          33300         39079.7 
          33500         38671.7 
          33700         38532.6 
          33900         37712.1 
          34100         37416.8 
          34300         37570.9 
          34500         36164.9 
          34700         36597.2 
          34900         35764.3 
          35100         35254.1 
          35300           34647 
          35500         34583.5 
          35700         33673.9 
          35900         33361.2 
          36100         33217.9 
          36300         32381.2 
          36500         31959.4 
          36700           31584 
          36900         31073.8 
          37100         30433.1 
          37300         30121.3 
          37500         29958.9 
          37700         29016.4 
          37900         29096.5 
          38100         28355.8 
          38300         27813.9 
          38500         27490.1 
          38700         27123.7 
          38900         26452.1 
          39100         26039.3 
          39300         25618.8 
          39500         25234.5 
          39700         24665.3 
          39900         23675.7 
          40100         23447.1 
          40300         23079.7 
          40500         22089.6 
          40700         21662.9 
          40900         21072.1 
          41100         20921.2 
          41300         20301.6 
          41500         20172.7 
          41700         19380.2 
          41900         19385.5 
          42100           18748 
          42300         18777.3 
          42500         18079.5 
          42700         17893.4 
          42900         17168.5 
          43100         16194.5 
          43300           16342 
          43500         15428.6 
          43700         14978.7 
          43900         14729.6 
          44100         14073.5 
          44300         13745.3 
          44500         13581.3 
          44700         13057.1 
          44900         12963.5 
          45100         12643.9 
          45300         12314.2 
          45500         12249.9 
          45700         12078.5 
          45900         11705.1 
          46100         11683.9 
          46300         11442.7 
          46500         11418.6 
          46700         11222.3 
          46900         11082.3 
          47100         10928.8 
          47300         10844.1 
          47500         10656.6 
          47700         10403.1 
          47900         10368.3 
          48100         10018.9 
          48300         10172.9 
          48500         9865.39 
          48700         9639.98 
          48900         9494.79 
          49100         9531.99 
          49300         9218.59 
          49500          9146.4 
          49700         8985.98 
          49900         8909.71 
          50100         8647.36 
          50300         8541.96 
          50500         8445.03 
          50700         8344.96 
          50900         8195.19 
          51100         8091.61 
          51300         7990.01 
          51500         7930.77 
          51700          7705.9 
          51900         7649.41 
          52100          7612.3 
          52300         7451.43 
          52500         7324.11 
          52700         7305.94 
          52900         7111.05 
          53100         7097.68 
          53300         6946.91 
          53500         6863.33 
          53700         6775.73 
          53900         6765.63 
          54100         6605.39 
          54300         6376.92 
          54500         6482.38 
          54700         6370.11 
          54900         6323.64 
          55100         6222.97 
          55300         6156.99 
          55500         5997.47 
          55700         5991.41 
          55900         5968.87 
          56100          5849.4 
          56300         5765.97 
          56500         5736.32 
          56700         5627.94 
          56900         5504.31 
          57100         5555.84 
          57300         5365.78 
          57500         5501.13 
          57700         5334.54 
          57900         5221.34 
          58100         5259.77 
          58300         5125.55 
          58500         5080.31 
          58700         5048.59 
          58900         5013.07 
          59100         4924.09 
          59300          4914.8 
          59500         4852.44 
          59700         4775.39 
          59900         4745.77 
          60100         4760.94 
          60300         4598.79 
          60500         4516.64 
          60700          4581.4 
          60900         4541.41 
          61100         4396.88 
          61300         4495.96 
          61500         4359.01 
          61700         4330.59 
          61900         4289.76 
          62100         4251.06 
          62300         4236.13 
          62500         4128.71 
          62700         4064.68 
          62900         4068.39 
          63100          3990.6 
          63300         3965.15 
          63500         3848.92 
          63700         3870.56 
          63900         3786.86 
          64200          3677.4 
          64600         3474.86 
          65000          3358.9 
          65400         3241.42 
          65800         3102.76 
          66200         3019.72 
          66600          2959.1 
          67000         2874.45 
          67400         2836.78 
          67800         2731.37 
          68200         2679.18 
          68600         2660.11 
          69000         2579.35 
          69400         2517.08 
          69800         2507.96 
          70200         2427.02 
          70600         2381.91 
          71000         2324.65 
          71400         2287.82 
          71800         2263.13 
          72200          2186.3 
          72600         2152.13 
          73000         2120.62 
          73400         2075.05 
          73800         2045.15 
          74200         1985.46 
          74600         1973.16 
          75000         1921.36 
          75400         1886.51 
          75800         1828.37 
          76200         1776.13 
          76600         1744.53 
          77000         1722.96 
          77400         1662.75 
          77800          1644.2 
          78200         1604.14 
          78600         1571.45 
          79000         1529.26 
          79400         1513.29 
          79800         1469.58 
          80200         1458.18 
          80600         1417.82 
          81000         1391.91 
          81400         1374.28 
          81800          1352.6 
          82200         1319.56 
          82600         1308.75 
          83000         1274.45 
          83400         1251.05 
          83800         1222.61 
          84200         1220.58 
          84600         1191.49 
          85000          1168.2 
          85400         1156.61 
          85800          1132.5 
          86200         1116.13 
          86600         1095.65 
          87000         1089.33 
          87400         1054.87 
          87800         1041.56 
          88200         1024.63 
          88600         1011.85 
          89000         995.545 
          89400         979.635 
          89800         960.133 
          90200         954.323 
          90600         937.745 
          91000         924.698 
          91400         907.559 
          91800         894.749 
          92200         878.758 
          92600         861.957 
          93000         854.426 
          93400         840.258 
          93800         825.272 
          94200         811.145 
          94600         798.953 
          95000          787.69 
          95400         784.119 
          95800         761.905 
          96200         750.452 
          96600         738.074 
          97000         728.676 
          97400         720.359 
          97800         707.864 
          98200         698.903 
          98600         688.674 
          99000         666.208 
          99400         665.506 
          99800         654.093 
         100200         644.305 
         200000         45.3772 
         400000         2.97146 
         600000        0.592609 
         800000        0.187794 
         1.0e+6        0.076838 
         1.2e+6       0.0369824 
         1.4e+6       0.0199187 
         1.6e+6       0.0116492 
