# Kurucz ODFNEW /NOVER models
# teff = 4000 K (value for the effective temperature for the model. Temperatures are given in K)
# logg = 4 log(cm/s2) (value for Log(G) for the model.)
# meta = 0  (value for the Metallicity for the model.)
# lh = 1.25  (l/Hp where l is the  mixing length of the convective element and Hp is the pressure scale height)
# vtur = 2.0 km/s (Microturbulence velocity)
#
# column 1: WAVELENGTH (ANGSTROM), Wavelength in Angstrom
# column 2: FLUX (ERG/CM2/S/A), Flux in erg/cm2/s/A
              0               0 
           90.9               0 
           93.5               0 
           96.1               0 
           97.7               0 
           99.6               0 
            102               0 
          103.8               0 
          105.6               0 
          107.7               0 
          110.4               0 
            114               0 
          117.8               0 
          121.3               0 
          124.8               0 
          127.1               0 
          128.4               0 
          130.5               0 
          132.4               0 
          133.9               0 
          136.6               0 
          139.8               0 
          143.3               0 
          147.2               0 
            151               0 
          155.2               0 
          158.8               0 
            162               0 
            166               0 
          170.3               0 
          173.4               0 
          176.8               0 
          180.2               0 
          181.7               0 
          186.1               0 
            191               0 
          193.9               0 
          198.4               0 
          201.8               0 
            205               0 
          210.5               0 
          216.2               0 
          219.8               0 
            223               0 
          226.8               0 
            230               0 
            234               0 
            240               0 
          246.5               0 
          252.4               0 
          256.8               0 
            260               0 
            264               0 
          268.5               0 
          273.5               0 
          278.5               0 
            284               0 
            290               0 
            296               0 
            301               0 
            308               0 
            318               0 
            328               0 
            338               0 
            348               0 
            357               0 
            366               0 
            375               0 
            385               0 
            395               0 
            405               0 
            414               0 
            422               0 
            430               0 
            441               0 
            451               0 
            460               0 
            470               0 
            480               0 
            490               0 
            500               0 
            506               0 
            512               0 
            520               0 
            530               0 
            540               0 
            550               0 
            560               0 
            570               0 
            580               0 
            590               0 
            600               0 
            610               0 
            620               0 
            630               0 
            640               0 
            650               0 
            658               0 
            665               0 
            675               0 
            685               0 
            695      4.4044e-25 
            705     1.22534e-24 
            716      3.6596e-24 
            726     9.58272e-24 
            735     2.22576e-23 
            745     5.53498e-23 
            755     1.34183e-22 
            765     3.17459e-22 
            775     7.33106e-22 
            785     1.65585e-21 
            795     3.63972e-21 
            805     7.89767e-21 
            815     1.67679e-20 
            825     3.48671e-20 
            835     7.11557e-20 
            845     1.42556e-19 
            855     2.80379e-19 
            865     5.42118e-19 
            875     1.02992e-18 
            885      1.9301e-18 
            895     3.56204e-18 
            905      6.4608e-18 
            915     4.79899e-13 
            925     2.24187e-12 
            935     3.39284e-12 
            945     4.67883e-12 
            955     6.18076e-12 
            965     1.19829e-11 
            975     1.02875e-11 
            985     2.29542e-11 
            995      3.5136e-11 
           1005     4.10662e-11 
           1015     5.41386e-11 
           1025     6.94709e-11 
           1035     1.63968e-10 
           1045     2.32936e-10 
           1055     2.76175e-10 
           1065     6.57718e-10 
           1075     8.55416e-10 
           1085      1.56888e-9 
           1095      2.03474e-9 
           1105      2.80274e-9 
           1115      3.55209e-9 
           1125      7.95685e-9 
           1135      1.31654e-8 
           1145      2.08071e-8 
           1155       2.9189e-8 
           1165      3.62401e-8 
           1175      5.46911e-8 
           1185      6.75912e-8 
           1195      6.62275e-8 
           1205      4.31156e-8 
           1215      7.76364e-9 
           1225      6.45747e-8 
           1235      2.32785e-7 
           1245      4.01638e-7 
           1255      5.62528e-7 
           1265      7.14651e-7 
           1275      9.70686e-7 
           1285      9.92736e-7 
           1295      1.29048e-6 
           1305      1.59167e-6 
           1315      2.04454e-6 
           1325      2.30399e-6 
           1335       2.5981e-6 
           1345       3.4832e-6 
           1355      4.58617e-6 
           1365      5.12276e-6 
           1375      5.74534e-6 
           1385      6.90389e-6 
           1395       8.0905e-6 
           1405      1.12907e-5 
           1415      1.43811e-5 
           1425      1.64272e-5 
           1435      2.27166e-5 
           1442      3.23797e-5 
           1447      2.80702e-5 
           1455      3.30635e-5 
           1465        4.815e-5 
           1475      4.69124e-5 
           1485      5.96131e-5 
           1495      9.04903e-5 
           1505     0.000129672 
           1512      7.94315e-5 
           1517     0.000127652 
           1525     0.000191992 
           1535     0.000414877 
           1545     0.000316422 
           1555     0.000511197 
           1565     0.000459588 
           1575     0.000914115 
           1585     0.000928274 
           1595     0.000884346 
           1605     0.000916969 
           1615     0.000934522 
           1625     0.000914895 
           1635      0.00123158 
           1645      0.00167286 
           1655      0.00138092 
           1665      0.00224974 
           1672      0.00185968 
           1677      0.00294933 
           1685      0.00394653 
           1695      0.00558573 
           1705      0.00595481 
           1715      0.00653356 
           1725      0.00902076 
           1735       0.0102463 
           1745       0.0143726 
           1755       0.0144685 
           1765       0.0181603 
           1775       0.0169423 
           1785       0.0319159 
           1795       0.0259734 
           1805       0.0458491 
           1815       0.0329748 
           1825        0.052955 
           1835       0.0469355 
           1845       0.0705855 
           1855       0.0549828 
           1865       0.0932828 
           1875       0.0875412 
           1885        0.111167 
           1895        0.137535 
           1905        0.145459 
           1915        0.205468 
           1925        0.178289 
           1935        0.131908 
           1945         0.24926 
           1955        0.347897 
           1967        0.377169 
           1976        0.433563 
           1984        0.551783 
           1995        0.498948 
           2005        0.594677 
           2015        0.674884 
           2025        0.642485 
           2035        0.801525 
           2045        0.841107 
           2055        0.995746 
           2065        0.961389 
           2074        0.882298 
           2078         1.19168 
           2085         1.44003 
           2095         1.95136 
           2105         2.09866 
           2115         2.13545 
           2125         2.48149 
           2135         3.11982 
           2145         2.42716 
           2155         3.03687 
           2165         2.98002 
           2175         3.25371 
           2185         3.05845 
           2195         4.99199 
           2205          4.2352 
           2215         5.08856 
           2225         4.47386 
           2235         7.29179 
           2245         8.26933 
           2255         10.0261 
           2265         5.77056 
           2275         11.0167 
           2285         10.4789 
           2295         16.7758 
           2305         6.89762 
           2315          21.443 
           2325         17.1213 
           2335         25.9672 
           2345         16.3927 
           2355         14.8382 
           2365         19.6312 
           2375         19.2826 
           2385         31.8194 
           2395         30.3624 
           2405         52.1987 
           2415         32.8716 
           2425         41.4982 
           2435         60.1671 
           2445         80.2173 
           2455         92.2977 
           2465         62.2486 
           2475         107.386 
           2485         46.7739 
           2495         51.8644 
           2505         96.5506 
           2513         70.8401 
           2518         81.2602 
           2525         98.2654 
           2535         183.862 
           2545          224.99 
           2555         238.999 
           2565         143.753 
           2575         213.006 
           2585         169.512 
           2595         198.558 
           2605         263.549 
           2615         247.858 
           2625         356.906 
           2635         510.639 
           2645         428.994 
           2655          550.53 
           2665         513.344 
           2675         451.988 
           2685         594.941 
           2695         455.753 
           2705         683.641 
           2715         686.741 
           2725         625.904 
           2735         646.014 
           2745         868.301 
           2755         833.717 
           2765         1084.43 
           2775         1371.87 
           2785         989.885 
           2795         1258.46 
           2805         1291.45 
           2815         1384.08 
           2825         1458.23 
           2835         1340.71 
           2845         1117.11 
           2855         622.057 
           2865          1594.5 
           2875         1692.22 
           2885         2356.05 
           2895         2610.22 
           2910         3043.88 
           2930         3368.05 
           2950         3420.99 
           2970         3460.32 
           2990         4007.84 
           3010         4304.09 
           3030         5262.62 
           3050         6124.07 
           3070          6929.1 
           3090         6819.98 
           3110         10662.2 
           3130         10494.9 
           3150         16935.3 
           3170         26019.7 
           3190         19137.7 
           3210         24154.2 
           3230         23234.5 
           3250         38662.7 
           3270         56508.2 
           3290         72999.5 
           3310         55322.8 
           3330         60700.8 
           3350           53778 
           3370         32187.8 
           3390         42521.1 
           3410         50687.1 
           3430         57360.2 
           3450         50604.1 
           3470         50204.1 
           3490         71977.2 
           3510          101114 
           3530         96455.2 
           3550          143392 
           3570         58970.7 
           3590         52168.4 
           3610         85286.8 
           3630          117860 
           3640          129437 
           3650          156305 
           3670          206508 
           3690          156037 
           3710          117556 
           3730         49944.8 
           3750         64469.5 
           3770          160633 
           3790          179992 
           3810          155298 
           3830         65263.6 
           3850          108875 
           3870          102216 
           3890          115194 
           3910          167768 
           3930         60613.8 
           3950          114472 
           3970           83691 
           3990          278736 
           4010          391208 
           4030          296589 
           4050          327199 
           4070          299612 
           4090          433098 
           4110          283394 
           4130          322091 
           4150          304907 
           4170          298652 
           4190          319177 
           4210          264118 
           4230          146099 
           4250          292144 
           4270          289228 
           4290          284347 
           4310          325662 
           4330          475351 
           4350          500593 
           4370          534926 
           4390          447296 
           4410          475909 
           4430          490643 
           4450          521591 
           4470          586544 
           4490          617285 
           4510          728286 
           4530          575646 
           4550          652157 
           4570          724619 
           4590          672935 
           4610          708149 
           4630          688986 
           4650          658836 
           4670          726274 
           4690          697281 
           4710          658818 
           4730          644230 
           4750          642206 
           4770          493297 
           4790          545128 
           4810          634673 
           4830          657283 
           4850          707831 
           4870          699044 
           4890          741830 
           4910          753052 
           4930          709972 
           4950          689085 
           4970          561871 
           4990          535483 
           5010          442500 
           5030          504548 
           5050          475801 
           5070          470353 
           5090          454449 
           5110          478256 
           5130          457025 
           5150          430883 
           5170          398451 
           5190          417974 
           5210          506940 
           5230          785486 
           5250          818263 
           5270          713338 
           5290          884445 
           5310          980423 
           5330          844234 
           5350          920225 
           5370          911735 
           5390          891445 
           5410          888945 
           5430          886522 
           5450          847597 
           5470          836010 
           5490          872150 
           5510          822277 
           5530          925942 
           5550          961306 
           5570          942550 
           5590          869776 
           5610          845739 
           5630          891559 
           5650          948738 
           5670          921985 
           5690          980453 
           5710          940761 
           5730      1.04874e+6 
           5750      1.06484e+6 
           5770      1.04424e+6 
           5790      1.01527e+6 
           5810      1.06413e+6 
           5830      1.09832e+6 
           5850      1.03404e+6 
           5870          970491 
           5890          532917 
           5910          854468 
           5930          944394 
           5950          958371 
           5970          988946 
           5990      1.00757e+6 
           6010        1.009e+6 
           6030       1.0651e+6 
           6050      1.09708e+6 
           6070      1.10611e+6 
           6090      1.09541e+6 
           6110      1.09592e+6 
           6130      1.02471e+6 
           6150      1.09057e+6 
           6170          866523 
           6190          964261 
           6210          942916 
           6230          870414 
           6250          877969 
           6270          950687 
           6290          999814 
           6310      1.00853e+6 
           6330      1.04269e+6 
           6350      1.06603e+6 
           6370      1.05786e+6 
           6390      1.08908e+6 
           6410      1.07697e+6 
           6430      1.05197e+6 
           6450      1.03459e+6 
           6470      1.05691e+6 
           6490      1.03109e+6 
           6510       1.0877e+6 
           6530       1.1322e+6 
           6550      1.10062e+6 
           6570      1.10074e+6 
           6590       1.1135e+6 
           6610      1.11496e+6 
           6630      1.10499e+6 
           6650      1.07007e+6 
           6670      1.03588e+6 
           6690          984920 
           6710          971528 
           6730          931908 
           6750          930034 
           6770          984138 
           6790          939046 
           6810          974562 
           6830      1.01433e+6 
           6850      1.02214e+6 
           6870      1.02945e+6 
           6890      1.06666e+6 
           6910      1.10325e+6 
           6930      1.09391e+6 
           6950      1.12109e+6 
           6970      1.16033e+6 
           6990        1.148e+6 
           7010      1.16132e+6 
           7030      1.18452e+6 
           7050      1.14916e+6 
           7070       1.0113e+6 
           7090          959060 
           7110          954941 
           7130          864739 
           7150          857697 
           7170          917773 
           7190          959896 
           7210          947839 
           7230      1.03074e+6 
           7250      1.05495e+6 
           7270      1.10169e+6 
           7290      1.12124e+6 
           7310      1.14275e+6 
           7330      1.14438e+6 
           7350      1.15587e+6 
           7370      1.18977e+6 
           7390       1.1912e+6 
           7410      1.18649e+6 
           7430      1.20256e+6 
           7450       1.1991e+6 
           7470      1.20849e+6 
           7490      1.20782e+6 
           7510      1.21963e+6 
           7530      1.22725e+6 
           7550      1.22822e+6 
           7570      1.22437e+6 
           7590      1.19418e+6 
           7610      1.18148e+6 
           7630      1.17354e+6 
           7650      1.16581e+6 
           7670      1.07892e+6 
           7690      1.11969e+6 
           7710      1.08594e+6 
           7730      1.12358e+6 
           7750      1.10242e+6 
           7770      1.12047e+6 
           7790      1.12068e+6 
           7810      1.13947e+6 
           7830      1.12081e+6 
           7850      1.12525e+6 
           7870      1.14922e+6 
           7890      1.15436e+6 
           7910       1.1392e+6 
           7930      1.14119e+6 
           7950      1.12842e+6 
           7970      1.17033e+6 
           7990      1.15928e+6 
           8010      1.16331e+6 
           8030      1.16675e+6 
           8050      1.16538e+6 
           8070       1.1592e+6 
           8090      1.16137e+6 
           8110      1.16756e+6 
           8130      1.17977e+6 
           8150      1.18057e+6 
           8170      1.17762e+6 
           8190      1.10032e+6 
           8210      1.13102e+6 
           8230      1.14877e+6 
           8250      1.14775e+6 
           8270       1.1595e+6 
           8290      1.14443e+6 
           8310      1.12256e+6 
           8330      1.11175e+6 
           8350      1.11864e+6 
           8370       1.1183e+6 
           8390      1.05871e+6 
           8410      1.11962e+6 
           8430      1.07032e+6 
           8450      1.10097e+6 
           8470      1.09231e+6 
           8490      1.09313e+6 
           8510       1.0481e+6 
           8530      1.08373e+6 
           8550          958850 
           8570       1.1158e+6 
           8590      1.11082e+6 
           8610      1.10912e+6 
           8630      1.11785e+6 
           8650      1.11636e+6 
           8670          976196 
           8690       1.0655e+6 
           8710      1.12045e+6 
           8730      1.11557e+6 
           8750      1.11746e+6 
           8770      1.11065e+6 
           8790      1.12062e+6 
           8810      1.08627e+6 
           8830      1.09493e+6 
           8850      1.11029e+6 
           8870      1.05185e+6 
           8890      1.06743e+6 
           8910      1.07607e+6 
           8930      1.06507e+6 
           8950      1.05392e+6 
           8970      1.06107e+6 
           8990      1.07313e+6 
           9010      1.03765e+6 
           9030      1.06457e+6 
           9050      1.08531e+6 
           9070      1.08873e+6 
           9090      1.05845e+6 
           9110      1.06548e+6 
           9130       1.0821e+6 
           9150      1.07387e+6 
           9170      1.06986e+6 
           9190      1.07618e+6 
           9210       1.0605e+6 
           9230      1.06616e+6 
           9250      1.05253e+6 
           9270      1.05786e+6 
           9290      1.04899e+6 
           9310      1.06296e+6 
           9330      1.06161e+6 
           9350      1.05725e+6 
           9370      1.04265e+6 
           9390      1.05219e+6 
           9410      1.03666e+6 
           9430      1.04853e+6 
           9450      1.02832e+6 
           9470      1.04692e+6 
           9490      1.04862e+6 
           9510      1.04584e+6 
           9530      1.04008e+6 
           9550      1.02276e+6 
           9570       1.0296e+6 
           9590      1.04317e+6 
           9610        1.025e+6 
           9630      1.03432e+6 
           9650          990712 
           9670          995077 
           9690      1.01954e+6 
           9710      1.00883e+6 
           9730          994582 
           9750          997044 
           9770      1.00449e+6 
           9790          978223 
           9810      1.01378e+6 
           9830          997218 
           9850      1.01158e+6 
           9870      1.00826e+6 
           9890      1.00757e+6 
           9910      1.00209e+6 
           9930      1.00138e+6 
           9950      1.00037e+6 
           9970      1.00177e+6 
           9990      1.00124e+6 
          10025          990475 
          10075          984713 
          10125          986515 
          10175          978154 
          10225          976034 
          10275          976265 
          10325          960541 
          10375          957744 
          10425          961752 
          10475          950600 
          10525          953427 
          10575          941264 
          10625          940803 
          10675          926886 
          10725          924551 
          10775          920795 
          10825          902630 
          10875          908494 
          10925          906539 
          10975          887727 
          11025          883941 
          11075          883992 
          11125          878956 
          11175          874519 
          11225          875055 
          11275          858986 
          11325          862962 
          11375          849102 
          11425          842321 
          11475          855710 
          11525          855848 
          11575          846473 
          11625          831735 
          11675          834134 
          11725          842273 
          11775          823914 
          11825          818361 
          11875          811457 
          11925          826921 
          11975          794678 
          12025          813223 
          12075          804178 
          12125          810039 
          12175          809599 
          12225          805815 
          12275          800263 
          12325          796659 
          12375          794663 
          12425          787279 
          12475          788460 
          12525          780546 
          12575          781379 
          12625          777047 
          12675          769966 
          12725          771558 
          12775          771231 
          12825          749196 
          12875          758868 
          12925          748498 
          12975          758001 
          13025          751859 
          13075          752950 
          13125          731503 
          13175          735508 
          13225          743206 
          13275          732123 
          13325          726661 
          13375          721028 
          13425          718426 
          13475          720572 
          13525          715419 
          13575          710097 
          13625          703475 
          13675          711455 
          13725          713479 
          13775          709780 
          13825          709918 
          13875          698921 
          13925          669916 
          13975          681776 
          14025          681272 
          14075          685170 
          14125          673058 
          14175          677018 
          14225          671970 
          14275          653107 
          14325          672018 
          14375          671016 
          14425          663477 
          14475          672998 
          14525          663426 
          14570          662598 
          14620          644626 
          14675          646871 
          14725          649087 
          14775          648463 
          14825          653440 
          14875          635656 
          14925          662065 
          14975          662490 
          15025          616583 
          15075          638825 
          15125          653826 
          15175          657199 
          15225          659423 
          15275          653530 
          15325          660791 
          15375          652723 
          15425          645456 
          15475          666181 
          15525          649797 
          15575          649920 
          15625          663528 
          15675          653077 
          15725          649051 
          15775          619086 
          15825          650472 
          15875          632868 
          15925          648508 
          15975          653401 
          16050          648931 
          16150          644416 
          16250          637566 
          16350          639754 
          16450          629327 
          16550          630958 
          16650          615276 
          16750          596215 
          16850          592120 
          16950          588484 
          17050          569081 
          17150          548644 
          17250          542061 
          17350          527497 
          17450          520281 
          17550          505549 
          17650          496076 
          17750          481581 
          17850          471271 
          17950          464256 
          18050          446142 
          18150          441570 
          18250          429165 
          18350          423808 
          18450          404972 
          18550          399402 
          18650          393169 
          18750          383842 
          18850          384616 
          18950          369584 
          19050          373427 
          19150          366907 
          19250          362596 
          19350          347930 
          19450          341068 
          19550          341461 
          19650          336676 
          19750          319804 
          19850          317276 
          19950          312636 
          20050          314353 
          20150          308169 
          20250          299666 
          20350          296483 
          20450          294041 
          20550          288340 
          20650          281190 
          20750          280192 
          20850          273759 
          20950          268688 
          21050          267595 
          21150          263319 
          21250          260087 
          21350          258078 
          21450          254703 
          21550          251290 
          21650          248275 
          21750          242549 
          21850          240665 
          21950          238149 
          22050          229020 
          22150          233438 
          22250          225659 
          22350          224376 
          22450          221866 
          22550          219725 
          22650          213265 
          22750          213702 
          22850          208062 
          22950          185911 
          23050          193888 
          23150          192125 
          23250          171624 
          23350          177765 
          23450          179643 
          23550          160134 
          23650          169566 
          23750          168308 
          23850          151262 
          23950          158225 
          24050          156697 
          24150          144156 
          24250          146884 
          24350          146194 
          24450          137357 
          24550          134240 
          24650          135720 
          24750          130314 
          24850          124832 
          24950          126702 
          25050          124636 
          25150          118405 
          25250          115443 
          25350          116392 
          25450          115241 
          25550          114859 
          25650          111286 
          25750          112946 
          25850          110332 
          25950          110535 
          26050          110093 
          26150          111754 
          26250          109034 
          26350          108816 
          26450          107176 
          26550          104703 
          26650          104263 
          26750          103401 
          26850          102507 
          26950         98744.1 
          27050           98829 
          27150         96175.5 
          27250         94096.2 
          27350         92945.9 
          27450         93114.9 
          27550           89864 
          27650         89126.5 
          27750         88705.6 
          27850         86000.6 
          27950         86051.5 
          28050         80789.9 
          28150         82185.1 
          28250         81146.3 
          28350         80115.6 
          28450         80926.6 
          28550         77740.1 
          28650         78740.5 
          28750         77240.9 
          28850         75719.8 
          28950         76038.2 
          29050         72520.1 
          29150         75113.6 
          29250         68885.4 
          29350         73000.1 
          29450         66693.3 
          29550         70250.7 
          29650         66490.7 
          29750         68606.9 
          29850         64989.6 
          29950         67517.2 
          30050         63017.6 
          30150         66512.6 
          30250         62199.4 
          30350           64232 
          30450         60995.2 
          30550         62489.6 
          30650         61585.2 
          30750         60300.9 
          30850         59474.9 
          30950         58198.7 
          31050         59594.5 
          31150         57220.8 
          31250         58359.7 
          31350         55864.2 
          31450         56648.5 
          31550         55752.4 
          31650         56156.5 
          31750         54674.9 
          31850           54722 
          31950         53837.3 
          32100         54011.8 
          32300         52337.5 
          32500           52109 
          32700         51033.4 
          32900         49882.2 
          33100           49577 
          33300         48300.5 
          33500         47738.7 
          33700         47273.4 
          33900         45756.7 
          34100         45354.4 
          34300         45198.5 
          34500         43365.6 
          34700         43442.6 
          34900         42581.3 
          35100         41473.6 
          35300         40723.8 
          35500         40418.6 
          35700         39151.4 
          35900         38573.1 
          36100         38343.5 
          36300         37192.9 
          36500         36577.4 
          36700         35975.4 
          36900         35254.7 
          37100         34366.4 
          37300         33958.1 
          37500           33554 
          37700         32517.9 
          37900         32403.7 
          38100         31545.4 
          38300         31000.9 
          38500         30463.7 
          38700         29976.1 
          38900         29260.4 
          39100         28784.4 
          39300         28260.4 
          39500         27815.6 
          39700         27256.4 
          39900         26245.5 
          40100         26005.5 
          40300         25597.2 
          40500         24685.8 
          40700         24230.1 
          40900         23743.7 
          41100           23444 
          41300         22828.8 
          41500           22594 
          41700         21849.1 
          41900         21746.2 
          42100         21034.8 
          42300         21031.4 
          42500         20404.9 
          42700         20146.4 
          42900         19164.5 
          43100         18020.9 
          43300         18172.5 
          43500         17098.9 
          43700         16572.3 
          43900         16255.5 
          44100         15455.2 
          44300         15174.5 
          44500         14923.1 
          44700         14284.9 
          44900         14231.2 
          45100         13836.2 
          45300         13452.3 
          45500         13420.2 
          45700         13274.6 
          45900         12785.3 
          46100           12829 
          46300         12574.5 
          46500         12543.4 
          46700         12413.7 
          46900         12208.7 
          47100         12012.1 
          47300         12008.2 
          47500           11750 
          47700         11541.1 
          47900         11474.6 
          48100         11109.6 
          48300         11271.6 
          48500         10981.2 
          48700         10713.6 
          48900         10554.1 
          49100         10550.1 
          49300         10256.9 
          49500         10138.6 
          49700         10026.9 
          49900         9917.04 
          50100         9607.33 
          50300         9576.36 
          50500         9411.86 
          50700         9339.07 
          50900         9178.45 
          51100          9042.4 
          51300          8970.3 
          51500         8863.96 
          51700         8702.23 
          51900         8594.45 
          52100         8533.71 
          52300         8375.21 
          52500         8261.62 
          52700         8256.13 
          52900         8013.03 
          53100          7979.1 
          53300         7830.22 
          53500          7768.1 
          53700         7656.52 
          53900         7634.93 
          54100         7498.92 
          54300          7257.5 
          54500         7335.23 
          54700         7214.21 
          54900         7154.85 
          55100         7042.33 
          55300         7034.48 
          55500         6825.61 
          55700            6821 
          55900         6758.52 
          56100         6647.84 
          56300         6534.61 
          56500         6521.57 
          56700         6418.59 
          56900          6276.6 
          57100         6308.74 
          57300          6148.2 
          57500         6204.65 
          57700         6056.14 
          57900         5976.84 
          58100         5954.72 
          58300         5832.37 
          58500         5788.69 
          58700         5722.53 
          58900         5669.08 
          59100         5590.53 
          59300         5558.15 
          59500         5486.14 
          59700          5417.1 
          59900         5375.64 
          60100         5350.67 
          60300         5221.46 
          60500         5135.62 
          60700         5141.92 
          60900         5090.84 
          61100         4974.52 
          61300         5010.28 
          61500         4903.65 
          61700          4862.9 
          61900         4814.61 
          62100         4763.13 
          62300         4726.59 
          62500         4634.46 
          62700         4571.69 
          62900         4551.63 
          63100         4473.89 
          63300            4447 
          63500         4345.97 
          63700         4338.69 
          63900         4259.15 
          64200         4162.59 
          64600         3973.72 
          65000         3854.25 
          65400          3742.4 
          65800         3591.66 
          66200         3496.48 
          66600         3433.79 
          67000          3335.7 
          67400         3285.85 
          67800         3169.65 
          68200         3100.03 
          68600         3076.47 
          69000         2990.18 
          69400         2913.73 
          69800         2894.43 
          70200         2800.76 
          70600         2749.77 
          71000         2687.71 
          71400          2641.2 
          71800         2604.61 
          72200         2518.38 
          72600         2476.34 
          73000         2442.92 
          73400         2380.98 
          73800         2346.66 
          74200         2280.17 
          74600         2256.66 
          75000         2204.66 
          75400         2156.35 
          75800         2083.82 
          76200         2027.74 
          76600         1983.12 
          77000         1952.46 
          77400         1883.41 
          77800         1855.88 
          78200         1808.42 
          78600            1770 
          79000         1725.74 
          79400         1701.34 
          79800         1655.34 
          80200         1637.88 
          80600         1596.84 
          81000         1568.13 
          81400          1546.5 
          81800         1520.38 
          82200         1486.72 
          82600         1472.74 
          83000         1435.99 
          83400         1410.06 
          83800         1379.31 
          84200         1372.45 
          84600         1340.76 
          85000         1314.83 
          85400         1300.32 
          85800         1273.64 
          86200         1255.81 
          86600         1231.48 
          87000         1221.08 
          87400         1189.31 
          87800         1170.09 
          88200         1150.45 
          88600         1135.33 
          89000         1117.02 
          89400         1099.12 
          89800         1077.21 
          90200         1067.67 
          90600         1051.52 
          91000         1034.02 
          91400         1014.52 
          91800         1000.12 
          92200         982.459 
          92600         965.862 
          93000         954.914 
          93400         938.506 
          93800         921.484 
          94200         906.965 
          94600         891.061 
          95000         880.694 
          95400         873.529 
          95800         850.571 
          96200         839.197 
          96600         824.105 
          97000         814.359 
          97400         803.318 
          97800         788.883 
          98200         779.032 
          98600         767.801 
          99000         744.774 
          99400         741.423 
          99800         729.818 
         100200         718.749 
         200000         49.1276 
         400000         3.16641 
         600000        0.628188 
         800000        0.198737 
         1.0e+6       0.0812683 
         1.2e+6       0.0391067 
         1.4e+6       0.0210623 
         1.6e+6       0.0123187 
