# Kurucz ODFNEW /NOVER models
# teff = 3500 K (value for the effective temperature for the model. Temperatures are given in K)
# logg = 4 log(cm/s2) (value for Log(G) for the model.)
# meta = 0  (value for the Metallicity for the model.)
# lh = 1.25  (l/Hp where l is the  mixing length of the convective element and Hp is the pressure scale height)
# vtur = 2.0 km/s (Microturbulence velocity)
#
# column 1: WAVELENGTH (ANGSTROM), Wavelength in Angstrom
# column 2: FLUX (ERG/CM2/S/A), Flux in erg/cm2/s/A
              0               0 
           90.9               0 
           93.5               0 
           96.1               0 
           97.7               0 
           99.6               0 
            102               0 
          103.8               0 
          105.6               0 
          107.7               0 
          110.4               0 
            114               0 
          117.8               0 
          121.3               0 
          124.8               0 
          127.1               0 
          128.4               0 
          130.5               0 
          132.4               0 
          133.9               0 
          136.6               0 
          139.8               0 
          143.3               0 
          147.2               0 
            151               0 
          155.2               0 
          158.8               0 
            162               0 
            166               0 
          170.3               0 
          173.4               0 
          176.8               0 
          180.2               0 
          181.7               0 
          186.1               0 
            191               0 
          193.9               0 
          198.4               0 
          201.8               0 
            205               0 
          210.5               0 
          216.2               0 
          219.8               0 
            223               0 
          226.8               0 
            230               0 
            234               0 
            240               0 
          246.5               0 
          252.4               0 
          256.8               0 
            260               0 
            264               0 
          268.5               0 
          273.5               0 
          278.5               0 
            284               0 
            290               0 
            296               0 
            301               0 
            308               0 
            318               0 
            328               0 
            338               0 
            348               0 
            357               0 
            366               0 
            375               0 
            385               0 
            395               0 
            405               0 
            414               0 
            422               0 
            430               0 
            441               0 
            451               0 
            460               0 
            470               0 
            480               0 
            490               0 
            500               0 
            506               0 
            512               0 
            520               0 
            530               0 
            540               0 
            550               0 
            560               0 
            570               0 
            580               0 
            590               0 
            600               0 
            610               0 
            620               0 
            630               0 
            640               0 
            650               0 
            658               0 
            665               0 
            675               0 
            685               0 
            695               0 
            705               0 
            716               0 
            726               0 
            735               0 
            745               0 
            755     5.04248e-25 
            765     1.30196e-24 
            775     3.27382e-24 
            785     8.03438e-24 
            795     1.91511e-23 
            805     4.49605e-23 
            815     1.03089e-22 
            825     2.31078e-22 
            835     5.07423e-22 
            845     1.09148e-21 
            855     2.29808e-21 
            865     4.74745e-21 
            875     9.62463e-21 
            885     1.92063e-20 
            895     3.77463e-20 
            905     7.26208e-20 
            915     3.93711e-16 
            925     1.58917e-15 
            935     2.65893e-15 
            945     4.07031e-15 
            955       7.724e-15 
            965     1.55231e-14 
            975     2.35028e-14 
            985     4.74724e-14 
            995     9.03218e-14 
           1005     1.33087e-13 
           1015     2.15128e-13 
           1025      3.4838e-13 
           1035     7.51439e-13 
           1045      1.1815e-12 
           1055     1.53908e-12 
           1065     3.57191e-12 
           1075     5.17945e-12 
           1085      9.6427e-12 
           1095     1.36016e-11 
           1105     2.09437e-11 
           1115     2.98042e-11 
           1125     6.18844e-11 
           1135     1.07832e-10 
           1145       1.745e-10 
           1155     2.59462e-10 
           1165     3.59346e-10 
           1175     5.78536e-10 
           1185     8.35435e-10 
           1195       1.1379e-9 
           1205      1.19047e-9 
           1215     2.21558e-10 
           1225      2.09588e-9 
           1235      5.26603e-9 
           1245      7.88373e-9 
           1255       1.1302e-8 
           1265      1.57451e-8 
           1275      2.12937e-8 
           1285      2.53477e-8 
           1295      3.41545e-8 
           1305      4.68594e-8 
           1315      6.47852e-8 
           1325      7.82332e-8 
           1335       9.5456e-8 
           1345      1.28886e-7 
           1355      1.85233e-7 
           1365      2.12444e-7 
           1375      2.61293e-7 
           1385      3.16275e-7 
           1395      3.93025e-7 
           1405      5.62989e-7 
           1415      7.40281e-7 
           1425      8.94449e-7 
           1435      1.22567e-6 
           1442      1.74596e-6 
           1447      1.57453e-6 
           1455      1.93595e-6 
           1465       2.7727e-6 
           1475      2.87116e-6 
           1485      3.79681e-6 
           1495      5.81657e-6 
           1505       8.3688e-6 
           1512      5.40094e-6 
           1517       8.9304e-6 
           1525      1.21083e-5 
           1535      1.60383e-5 
           1545      1.25862e-5 
           1555      1.95141e-5 
           1565      1.99346e-5 
           1575      3.12546e-5 
           1585      3.70205e-5 
           1595      3.91742e-5 
           1605        4.447e-5 
           1615      5.17223e-5 
           1625      5.50425e-5 
           1635      7.21406e-5 
           1645      9.36959e-5 
           1655      8.91148e-5 
           1665     0.000127056 
           1672     0.000119579 
           1677     0.000165142 
           1685     0.000199005 
           1695     0.000265532 
           1705     0.000282474 
           1715     0.000333768 
           1725     0.000436207 
           1735     0.000506934 
           1745     0.000679546 
           1755     0.000719856 
           1765     0.000850127 
           1775     0.000923667 
           1785      0.00136528 
           1795      0.00135666 
           1805      0.00188711 
           1815      0.00175704 
           1825      0.00242917 
           1835      0.00250917 
           1845      0.00335866 
           1855      0.00332683 
           1865      0.00440827 
           1875      0.00474029 
           1885       0.0057195 
           1895      0.00712625 
           1905       0.0078223 
           1915      0.00996657 
           1925        0.010321 
           1935      0.00930751 
           1945       0.0137476 
           1955        0.016729 
           1967         0.01984 
           1976       0.0222097 
           1984       0.0260411 
           1995       0.0272276 
           2005       0.0319366 
           2015       0.0370121 
           2025       0.0382571 
           2035        0.046466 
           2045       0.0521519 
           2055       0.0588616 
           2065       0.0632403 
           2074       0.0660794 
           2078       0.0747068 
           2085       0.0818493 
           2095       0.0976283 
           2105        0.111811 
           2115        0.122362 
           2125        0.143647 
           2135        0.167471 
           2145        0.151928 
           2155        0.182166 
           2165        0.186725 
           2175         0.20645 
           2185        0.209733 
           2195        0.294736 
           2205        0.277595 
           2215        0.324223 
           2225        0.309868 
           2235        0.460745 
           2245        0.497805 
           2255        0.615657 
           2265         0.41089 
           2275        0.717769 
           2285        0.668792 
           2295         1.04078 
           2305        0.540814 
           2315         1.44387 
           2325         1.11814 
           2335         1.71484 
           2345          1.2087 
           2355         1.12292 
           2365         1.44638 
           2375         1.42127 
           2385         2.44507 
           2395         2.27535 
           2405         4.30514 
           2415         2.47617 
           2425         3.29349 
           2435         4.81197 
           2445         7.00396 
           2455         8.42405 
           2465           5.154 
           2475         10.1027 
           2485         3.70897 
           2495         4.41357 
           2505         8.37929 
           2513         6.03051 
           2518         7.12127 
           2525         9.03709 
           2535         22.5532 
           2545          29.527 
           2555         29.4187 
           2565         13.7901 
           2575         26.7953 
           2585         15.5248 
           2595         21.7791 
           2605          31.364 
           2615         25.0475 
           2625         46.9442 
           2635         81.0246 
           2645         57.9742 
           2655          91.967 
           2665         69.3816 
           2675         66.7209 
           2685         87.1434 
           2695         53.3376 
           2705         119.156 
           2715         109.147 
           2725         88.7131 
           2735         90.1002 
           2745         151.726 
           2755         136.759 
           2765         216.541 
           2775         290.964 
           2785         168.251 
           2795         280.473 
           2805         266.181 
           2815         252.085 
           2825         257.908 
           2835         199.319 
           2845         133.912 
           2855         62.7466 
           2865         252.647 
           2875         275.642 
           2885         526.493 
           2895         620.271 
           2910         779.922 
           2930         879.324 
           2950         860.602 
           2970         814.116 
           2990         1050.15 
           3010         1171.18 
           3030         1472.22 
           3050         1810.17 
           3070         1854.37 
           3090         1770.79 
           3110         2800.44 
           3130         2762.11 
           3150         4174.13 
           3170         6407.37 
           3190         5210.36 
           3210         6853.05 
           3230         7594.61 
           3250         11139.1 
           3270         14942.2 
           3290         20339.2 
           3310         17306.9 
           3330         20247.3 
           3350           18935 
           3370         13276.4 
           3390         18231.5 
           3410           21563 
           3430         22913.6 
           3450         19461.1 
           3470         19632.9 
           3490         26623.9 
           3510           37263 
           3530         36134.6 
           3550         55135.1 
           3570         25187.8 
           3590         21041.5 
           3610         33466.7 
           3630         47482.6 
           3640         51214.1 
           3650         56931.5 
           3670         79119.7 
           3690         62991.8 
           3710         48180.2 
           3730         21025.9 
           3750         28327.4 
           3770         69870.5 
           3790         79898.6 
           3810         73090.3 
           3830         31468.3 
           3850         54616.8 
           3870         50635.2 
           3890         53247.6 
           3910         74904.3 
           3930         29055.6 
           3950         50712.9 
           3970         39566.3 
           3990          116852 
           4010          161916 
           4030          119714 
           4050          144059 
           4070          138685 
           4090          177527 
           4110          122782 
           4130          140787 
           4150          139309 
           4170          137789 
           4190          141496 
           4210          100344 
           4230           38505 
           4250          107332 
           4270          120644 
           4290          119610 
           4310          136457 
           4330          189604 
           4350          189190 
           4370          201613 
           4390          177038 
           4410          179190 
           4430          164059 
           4450          173698 
           4470          179863 
           4490          195204 
           4510          205293 
           4530          177940 
           4550          194257 
           4570          224849 
           4590          169242 
           4610          187708 
           4630          165145 
           4650          162717 
           4670          173191 
           4690          169591 
           4710          182370 
           4730          172832 
           4750          195942 
           4770         95425.7 
           4790          127412 
           4810          116461 
           4830          138368 
           4850          154139 
           4870          175285 
           4890          209113 
           4910          228353 
           4930          253660 
           4950          228045 
           4970          101395 
           4990          134516 
           5010         91043.7 
           5030          126287 
           5050          135078 
           5070          153624 
           5090          160969 
           5110          181858 
           5130          183978 
           5150          176146 
           5170          136185 
           5190          104280 
           5210          149254 
           5230          251315 
           5250          229107 
           5270          228782 
           5290          290180 
           5310          324876 
           5330          289886 
           5350          326549 
           5370          295185 
           5390          320346 
           5410          324702 
           5430          326711 
           5450          245437 
           5470          200006 
           5490          242761 
           5510          204980 
           5530          258579 
           5550          291477 
           5570          299987 
           5590          277387 
           5610          178226 
           5630          188205 
           5650          215600 
           5670          210426 
           5690          258565 
           5710          260131 
           5730          310858 
           5750          345049 
           5770          288945 
           5790          331184 
           5810          333573 
           5830          340897 
           5850          297465 
           5870          229448 
           5890          129801 
           5910          162975 
           5930          183871 
           5950          196631 
           5970          205621 
           5990          238900 
           6010          252206 
           6030          297719 
           6050          325889 
           6070          358162 
           6090          390159 
           6110          388102 
           6130          392722 
           6150          405700 
           6170          198158 
           6190          197076 
           6210          192575 
           6230          149933 
           6250          174581 
           6270          215729 
           6290          238993 
           6310          281449 
           6330          302841 
           6350          329496 
           6370          321926 
           6390          340765 
           6410          358870 
           6430          318889 
           6450          336184 
           6470          373607 
           6490          330980 
           6510          373344 
           6530          411381 
           6550          391109 
           6570          387020 
           6590          390773 
           6610          385911 
           6630          359949 
           6650          315193 
           6670          287936 
           6690          222918 
           6710          236736 
           6730          183379 
           6750          199244 
           6770          239052 
           6790          204699 
           6810          233165 
           6830          259599 
           6850          280341 
           6870          287643 
           6890          337533 
           6910          392431 
           6930          381162 
           6950          437469 
           6970          498657 
           6990          521507 
           7010          550620 
           7030          583273 
           7050          531655 
           7070          301378 
           7090          271703 
           7110          251195 
           7130          200285 
           7150          192652 
           7170          216385 
           7190          274793 
           7210          250798 
           7230          315666 
           7250          376075 
           7270          429441 
           7290          474281 
           7310          529272 
           7330          575365 
           7350          612272 
           7370          664691 
           7390          696244 
           7410          714996 
           7430          736605 
           7450          745893 
           7470          761146 
           7490          766084 
           7510          776906 
           7530          785474 
           7550          787597 
           7570          785609 
           7590          697050 
           7610          648622 
           7630          601138 
           7650          583039 
           7670          482414 
           7690          473543 
           7710          454093 
           7730          502845 
           7750          477755 
           7770          476235 
           7790          485676 
           7810          535552 
           7830          517906 
           7850          534824 
           7870          560927 
           7890          605836 
           7910          595193 
           7930          614416 
           7950          629507 
           7970          676943 
           7990          673028 
           8010          691043 
           8030          710097 
           8050          728957 
           8070          729107 
           8090          747092 
           8110          760540 
           8130          777605 
           8150          784344 
           8170          787618 
           8190          711830 
           8210          684501 
           8230          716273 
           8250          722991 
           8270          710574 
           8290          674698 
           8310          670909 
           8330          683056 
           8350          664334 
           8370          667185 
           8390          638372 
           8410          683386 
           8430          630526 
           8450          608339 
           8470          587932 
           8490          612134 
           8510          589806 
           8530          616400 
           8550          590948 
           8570          660464 
           8590          669290 
           8610          685191 
           8630          708371 
           8650          714768 
           8670          653787 
           8690          702015 
           8710          749595 
           8730          750761 
           8750          756191 
           8770          756176 
           8790          771219 
           8810          758448 
           8830          760091 
           8850          767241 
           8870          560378 
           8890          578833 
           8910          616526 
           8930          627702 
           8950          597906 
           8970          616781 
           8990          651095 
           9010          647327 
           9030          665162 
           9050          688213 
           9070          707528 
           9090          703643 
           9110          714357 
           9130          732156 
           9150          740703 
           9170          747242 
           9190          755189 
           9210          745209 
           9230          735040 
           9250          728739 
           9270          731646 
           9290          716408 
           9310          721070 
           9330          723867 
           9350          728574 
           9370          715125 
           9390          725159 
           9410          725567 
           9430          731643 
           9450          719142 
           9470          732702 
           9490          739111 
           9510          737546 
           9530          735076 
           9550          723285 
           9570          734417 
           9590          744178 
           9610          729743 
           9630          741705 
           9650          706554 
           9670          711006 
           9690          731464 
           9710          725297 
           9730          695818 
           9750          685673 
           9770          698103 
           9790          684996 
           9810          701973 
           9830          680562 
           9850          694577 
           9870          701934 
           9890          704605 
           9910          690755 
           9930          691681 
           9950          699026 
           9970          705852 
           9990          703481 
          10025          695354 
          10075          698639 
          10125          703883 
          10175          700801 
          10225          704413 
          10275          705855 
          10325          698364 
          10375          699943 
          10425          704614 
          10475          698247 
          10525          701901 
          10575          695177 
          10625          697026 
          10675          688165 
          10725          686054 
          10775          686549 
          10825          674884 
          10875          677642 
          10925          672779 
          10975          663411 
          11025          655424 
          11075          647860 
          11125          644302 
          11175          639877 
          11225          643517 
          11275          633971 
          11325          631588 
          11375          622231 
          11425          616508 
          11475          629258 
          11525          627837 
          11575          623185 
          11625          612986 
          11675          613273 
          11725          619017 
          11775          602820 
          11825          605815 
          11875          597172 
          11925          606666 
          11975          588999 
          12025          601255 
          12075          597423 
          12125          599654 
          12175          598653 
          12225          596287 
          12275          593013 
          12325          589974 
          12375          588981 
          12425          583054 
          12475          582964 
          12525          578728 
          12575          577397 
          12625          574795 
          12675          570832 
          12725          571449 
          12775          571096 
          12825          556526 
          12875          563349 
          12925          557149 
          12975          562510 
          13025          558888 
          13075          555590 
          13125          541611 
          13175          543086 
          13225          546483 
          13275          534101 
          13325          501583 
          13375          466504 
          13425          455993 
          13475          471993 
          13525          453640 
          13575          456479 
          13625          449299 
          13675          460745 
          13725          460553 
          13775          462993 
          13825          459789 
          13875          446268 
          13925          409612 
          13975          415156 
          14025          422809 
          14075          420345 
          14125          404363 
          14175          403859 
          14225          405289 
          14275          394449 
          14325          403305 
          14375          399719 
          14425          401749 
          14475          400274 
          14525          396113 
          14570          397486 
          14620          378449 
          14675          377157 
          14725          385929 
          14775          380215 
          14825          381528 
          14875          380961 
          14925          388966 
          14975          393729 
          15025          376413 
          15075          387032 
          15125          391115 
          15175          390863 
          15225          400652 
          15275          390366 
          15325          398136 
          15375          390021 
          15425          381987 
          15475          402271 
          15525          392569 
          15575          393361 
          15625          404474 
          15675          401269 
          15725          400061 
          15775          395546 
          15825          408893 
          15875          403928 
          15925          410650 
          15975          417443 
          16050          413932 
          16150          416822 
          16250          412907 
          16350          421754 
          16450          421877 
          16550          427327 
          16650          420498 
          16750          411141 
          16850          410179 
          16950          402441 
          17050          388183 
          17150          362959 
          17250          356546 
          17350          341059 
          17450          330083 
          17550          308501 
          17650          297698 
          17750          279837 
          17850          268304 
          17950          261768 
          18050          247070 
          18150          242285 
          18250          238630 
          18350          233508 
          18450          217924 
          18550          208125 
          18650          206138 
          18750          202262 
          18850          211901 
          18950          204730 
          19050          208742 
          19150          205335 
          19250          203929 
          19350          197772 
          19450          196580 
          19550          198684 
          19650          194530 
          19750          187582 
          19850          180237 
          19950          176873 
          20050          176219 
          20150          171366 
          20250          168557 
          20350          168478 
          20450          165465 
          20550          165705 
          20650          160393 
          20750          161502 
          20850          157574 
          20950          159232 
          21050          158794 
          21150          158584 
          21250          157804 
          21350          158941 
          21450          158936 
          21550          159396 
          21650          161471 
          21750          158819 
          21850          160265 
          21950          160465 
          22050          156603 
          22150          161435 
          22250          158207 
          22350          159449 
          22450          159287 
          22550          158026 
          22650          154908 
          22750          155638 
          22850          153622 
          22950          137237 
          23050          141601 
          23150          139333 
          23250          126004 
          23350          127684 
          23450          128152 
          23550          115063 
          23650          120040 
          23750          120113 
          23850          106663 
          23950          108730 
          24050          101809 
          24150         96336.5 
          24250         94857.9 
          24350         90865.6 
          24450         86147.2 
          24550         82796.7 
          24650         80253.8 
          24750         77361.7 
          24850         74269.7 
          24950         73711.8 
          25050         71143.1 
          25150         68321.2 
          25250         65789.8 
          25350           65987 
          25450         64917.1 
          25550           65108 
          25650         61732.7 
          25750         63327.9 
          25850         63120.7 
          25950           62445 
          26050         62488.4 
          26150         63834.8 
          26250         63136.3 
          26350         63205.8 
          26450         61129.5 
          26550         63737.7 
          26650         62167.7 
          26750         60492.7 
          26850         60534.1 
          26950           57347 
          27050           58077 
          27150         55672.1 
          27250         53432.9 
          27350         53199.1 
          27450           52932 
          27550         51282.8 
          27650         50267.1 
          27750         50218.5 
          27850         48310.7 
          27950         49294.9 
          28050         45545.7 
          28150         46434.9 
          28250         45641.6 
          28350         45272.9 
          28450         45276.8 
          28550         43959.5 
          28650         44195.7 
          28750         43872.5 
          28850         42910.2 
          28950         43597.3 
          29050         41225.1 
          29150         42734.8 
          29250         39071.4 
          29350         42209.9 
          29450         38323.1 
          29550         40150.3 
          29650         38422.9 
          29750         39373.5 
          29850         37370.3 
          29950         38748.5 
          30050         36320.8 
          30150           38511 
          30250         35817.1 
          30350         37087.6 
          30450         35580.9 
          30550         36320.2 
          30650         36001.2 
          30750         35421.1 
          30850         34733.1 
          30950         34037.5 
          31050         34825.1 
          31150         33777.6 
          31250         34412.3 
          31350         33312.3 
          31450         33567.5 
          31550         32975.7 
          31650         33490.1 
          31750         32522.4 
          31850         33070.1 
          31950         32122.5 
          32100         32550.9 
          32300         31964.2 
          32500         31791.5 
          32700         31413.5 
          32900         31197.6 
          33100         31090.9 
          33300         30700.2 
          33500         30372.9 
          33700         30354.3 
          33900         29982.5 
          34100         29733.2 
          34300         29965.5 
          34500         29026.5 
          34700         29545.8 
          34900         28786.9 
          35100         28763.1 
          35300         28239.1 
          35500         28318.8 
          35700         27778.9 
          35900         27662.9 
          36100         27556.1 
          36300           27060 
          36500         26778.5 
          36700         26587.8 
          36900         26284.3 
          37100         25957.7 
          37300         25728.5 
          37500         25716.3 
          37700         25030.1 
          37900         25226.1 
          38100         24677.5 
          38300           24148 
          38500         24053.5 
          38700         23801.1 
          38900         23194.7 
          39100         22884.6 
          39300         22562.3 
          39500         22178.9 
          39700           21622 
          39900         20717.7 
          40100         20504.7 
          40300         20163.9 
          40500           19205 
          40700         18755.4 
          40900         18107.9 
          41100         18049.6 
          41300         17523.3 
          41500         17425.3 
          41700         16670.1 
          41900         16703.8 
          42100         16184.6 
          42300         16219.7 
          42500         15464.9 
          42700         15344.9 
          42900           14897 
          43100         14160.4 
          43300         14237.4 
          43500         13563.9 
          43700         13170.5 
          43900         13014.1 
          44100           12530 
          44300         12115.3 
          44500         12070.6 
          44700         11672.3 
          44900         11552.3 
          45100           11312 
          45300           11022 
          45500         10927.7 
          45700         10721.7 
          45900         10484.5 
          46100         10379.9 
          46300         10145.1 
          46500         10099.3 
          46700         9859.57 
          46900         9786.96 
          47100         9664.29 
          47300         9517.06 
          47500         9398.52 
          47700         9098.16 
          47900          9100.5 
          48100         8780.23 
          48300         8902.43 
          48500         8606.05 
          48700          8416.7 
          48900         8294.75 
          49100         8365.92 
          49300         8047.39 
          49500         7997.41 
          49700         7798.02 
          49900         7761.99 
          50100         7538.34 
          50300            7385 
          50500         7341.38 
          50700         7205.18 
          50900         7093.12 
          51100         6995.15 
          51300         6886.17 
          51500         6837.76 
          51700         6604.97 
          51900         6568.27 
          52100         6548.34 
          52300         6400.84 
          52500         6266.74 
          52700         6236.37 
          52900         6093.97 
          53100         6111.63 
          53300         5969.32 
          53500         5845.65 
          53700         5802.33 
          53900          5787.1 
          54100         5607.56 
          54300         5423.88 
          54500         5528.98 
          54700         5431.82 
          54900         5396.95 
          55100         5322.37 
          55300         5193.24 
          55500         5086.91 
          55700         5082.74 
          55900         5090.09 
          56100         4973.29 
          56300         4924.48 
          56500         4872.56 
          56700         4767.36 
          56900         4676.64 
          57100         4726.23 
          57300         4530.91 
          57500         4714.36 
          57700         4539.94 
          57900          4419.3 
          58100         4486.81 
          58300         4357.75 
          58500         4318.33 
          58700         4304.15 
          58900         4286.04 
          59100         4193.23 
          59300         4198.41 
          59500         4145.23 
          59700         4066.24 
          59900         4049.84 
          60100         4089.17 
          60300         3919.94 
          60500         3837.64 
          60700         3950.25 
          60900         3914.06 
          61100         3761.23 
          61300         3899.94 
          61500         3746.93 
          61700         3726.54 
          61900         3693.74 
          62100         3667.93 
          62300         3665.89 
          62500         3555.96 
          62700          3492.1 
          62900         3514.95 
          63100         3445.13 
          63300         3421.68 
          63500         3305.54 
          63700         3346.16 
          63900          3261.5 
          64200         3148.39 
          64600         2958.21 
          65000         2852.27 
          65400         2743.15 
          65800         2612.71 
          66200            2541 
          66600         2489.42 
          67000         2421.85 
          67400         2395.84 
          67800          2299.8 
          68200         2261.81 
          68600         2250.79 
          69000         2177.93 
          69400         2129.59 
          69800         2132.54 
          70200         2058.62 
          70600         2019.11 
          71000         1968.62 
          71400         1941.68 
          71800            1928 
          72200          1859.5 
          72600         1833.13 
          73000         1804.33 
          73400         1767.17 
          73800          1746.2 
          74200         1691.91 
          74600          1688.1 
          75000         1638.52 
          75400         1615.42 
          75800         1567.93 
          76200         1522.12 
          76600         1498.17 
          77000         1485.32 
          77400         1432.27 
          77800         1423.06 
          78200          1387.9 
          78600         1359.42 
          79000         1318.28 
          79400         1312.86 
          79800         1269.56 
          80200         1265.66 
          80600         1226.97 
          81000         1201.97 
          81400          1191.2 
          81800         1173.17 
          82200         1140.64 
          82600         1134.15 
          83000         1103.45 
          83400         1080.33 
          83800         1054.27 
          84200         1058.94 
          84600         1032.58 
          85000         1010.94 
          85400         1003.09 
          85800         981.685 
          86200         968.896 
          86600         951.526 
          87000          948.72 
          87400         913.423 
          87800         906.048 
          88200         891.601 
          88600         881.651 
          89000         868.987 
          89400         854.109 
          89800           837.5 
          90200         835.507 
          90600         819.609 
          91000         809.871 
          91400         795.628 
          91800         785.222 
          92200         771.114 
          92600          753.57 
          93000          750.89 
          93400          738.47 
          93800         725.549 
          94200         712.394 
          94600         703.985 
          95000          692.64 
          95400         693.426 
          95800         671.433 
          96200         659.391 
          96600         650.103 
          97000          641.55 
          97400         636.253 
          97800         625.859 
          98200          617.45 
          98600         608.459 
          99000         584.796 
          99400         588.753 
          99800         577.652 
         100200         569.108 
         200000         40.8668 
         400000         2.71316 
         600000        0.544963 
         800000        0.173484 
         1.0e+6       0.0712097 
         1.2e+6       0.0343478 
         1.4e+6       0.0185267 
         1.6e+6       0.0108466 
